	CC18	CC21	CC36	CC34	CC42	CC39	CC15	CC23	CC24	CC5	CC6	CC41	CC19	CC16	CC35	CC32	CC45	CC48	CC4	CC3	CC12	CC8	CC11	CC51	CC29	CC28	CC27	CC1	CC13	CC17	CC50	CC49	CC43	CC44	CC46	CC38	CC33	CC30	CC121	CC20	CC22	CC26	CC47	CC37	CC10	CC14	CC2	CC25	CC31	CC7	CC66	CC40
CC18	0.0	0.541046	0.418918	0.386291	0.392008	0.473762	0.512638	0.497397	0.537384	0.535972	0.568329	0.477663	0.31248	0.26716	0.352248	0.473031	0.429775	0.418679	0.360407	0.391214	0.20966	0.224407	0.301971	0.573906	0.428563	0.560756	0.650676	0.526051	0.122088	0.0734948	0.461996	0.446918	0.45636	0.440796	0.498944	0.404523	0.410742	0.453276	0.446564	0.487934	0.478639	0.51764	0.546795	0.427908	0.311661	0.149462	0.555662	0.598431	0.540905	0.508336	0.411852	0.467672
CC21	0.541046	0.0	0.163937	0.168144	0.310155	0.404611	0.12306	0.0757496	0.114165	0.119801	0.139883	0.377061	0.14956	0.192055	0.219007	0.350774	0.362119	0.345714	0.500096	0.502734	0.523045	0.493244	0.54461	0.477161	0.0906281	0.130328	0.255758	0.47451	0.507438	0.512902	0.411799	0.424782	0.339063	0.336636	0.424547	0.209561	0.231079	0.136936	0.112637	0.0697386	0.0733452	0.0889901	0.438421	0.199646	0.519921	0.533169	0.507645	0.171706	0.225653	0.0619553	0.193907	0.308611
CC36	0.418918	0.163937	0.0	0.0151559	0.0813787	0.157047	0.15335	0.142151	0.18553	0.210415	0.196173	0.0978067	0.0322245	0.08638	0.0249013	0.138514	0.115611	0.114492	0.383924	0.394679	0.412923	0.395082	0.444088	0.283109	0.0715626	0.13958	0.261836	0.398238	0.397168	0.374986	0.181472	0.191267	0.0820716	0.079679	0.149564	0.00585722	0.0406658	0.0942796	0.0225918	0.0853229	0.0864222	0.0959963	0.187682	-0.0617375	0.392806	0.418165	0.443395	0.192474	0.134467	0.0848837	-0.0045116	0.0558975
CC34	0.386291	0.168144	0.0151559	0.0	0.0801464	0.142233	0.17935	0.173058	0.190745	0.217293	0.19982	0.100834	0.0662812	0.107116	0.0396611	0.141826	0.104221	0.102541	0.36211	0.374592	0.388303	0.37077	0.411421	0.253163	0.0898969	0.148191	0.230647	0.375663	0.378435	0.360031	0.168122	0.172507	0.071441	0.0739477	0.140528	0.0148234	0.0493059	0.0961018	0.0408897	0.108773	0.113862	0.121606	0.172135	0.0112146	0.3666	0.393753	0.416794	0.210159	0.129118	0.0995596	0.0113057	0.0496411
CC42	0.392008	0.310155	0.0813787	0.0801464	0.0	0.0608797	0.316444	0.318084	0.334404	0.371129	0.36611	0.028689	0.154883	0.156662	0.0406074	0.110819	0.0229208	0.0415912	0.3751	0.394333	0.397356	0.387406	0.419512	0.184025	0.248696	0.32063	0.38328	0.41803	0.392038	0.363409	0.0715993	0.0635326	0.0144765	0.0204166	0.0378959	0.0481996	0.0744226	0.224653	0.169254	0.261143	0.272341	0.277238	0.0891667	0.0599421	0.381065	0.396758	0.449809	0.348458	0.241356	0.264172	0.0580665	0.0369563
CC39	0.473762	0.404611	0.157047	0.142233	0.0608797	0.0	0.405816	0.401079	0.417861	0.443166	0.447048	0.0673438	0.19811	0.209778	0.103434	0.184163	0.0633465	0.0878605	0.465269	0.490141	0.46952	0.460889	0.500401	0.265429	0.306395	0.404151	0.477687	0.504943	0.468584	0.454008	0.126428	0.0931555	0.0578245	0.0603182	0.0771498	0.106293	0.132454	0.28712	0.250015	0.344257	0.347822	0.366187	0.139926	0.140905	0.471103	0.481743	0.541128	0.44781	0.318048	0.351138	0.123528	0.120398
CC15	0.512638	0.12306	0.15335	0.17935	0.316444	0.405816	0.0	0.0660542	0.120421	0.137257	0.134331	0.3744	0.136027	0.172602	0.22435	0.354321	0.370988	0.350842	0.47319	0.473987	0.49571	0.470328	0.508343	0.459945	0.0737786	0.116679	0.268144	0.441087	0.484354	0.487671	0.404084	0.42622	0.34648	0.340566	0.419657	0.21563	0.251992	0.146507	0.112737	0.0637449	0.0657435	0.0949466	0.446381	0.202738	0.482536	0.507615	0.470908	0.165172	0.239924	0.0695025	0.199574	0.314838
CC23	0.497397	0.0757496	0.142151	0.173058	0.318084	0.401079	0.0660542	0.0	0.0715513	0.0925743	0.0809365	0.372101	0.128601	0.177072	0.221282	0.346873	0.369768	0.351827	0.462111	0.458657	0.480932	0.455599	0.502314	0.46437	0.0552437	0.0907689	0.212479	0.43096	0.469157	0.467718	0.409455	0.426408	0.341163	0.340781	0.419943	0.210353	0.23382	0.128805	0.0927577	0.0274099	0.024541	0.0553828	0.433989	0.190938	0.475403	0.488027	0.4596	0.114185	0.200924	0.0457177	0.18191	0.306132
CC24	0.537384	0.114165	0.18553	0.190745	0.334404	0.417861	0.120421	0.0715513	0.0	0.14004	0.14888	0.40139	0.154311	0.18568	0.231699	0.373865	0.384631	0.371141	0.499486	0.504086	0.514375	0.484961	0.536553	0.498285	0.0906257	0.145223	0.279178	0.469394	0.507605	0.516457	0.428877	0.435012	0.358351	0.358648	0.438431	0.230732	0.249187	0.159834	0.131254	0.0762432	0.0767119	0.123771	0.464675	0.221293	0.512322	0.532142	0.502982	0.183163	0.249761	0.104047	0.213898	0.33466
CC5	0.535972	0.119801	0.210415	0.217293	0.371129	0.443166	0.137257	0.0925743	0.14004	0.0	0.0882978	0.41995	0.210606	0.254097	0.283826	0.401437	0.417603	0.395992	0.517622	0.522624	0.525862	0.50384	0.546474	0.488145	0.0787146	0.0928845	0.242031	0.499607	0.512752	0.519642	0.442371	0.461801	0.395503	0.383701	0.463346	0.248293	0.285673	0.154531	0.129794	0.0610861	0.0580354	0.0874097	0.471858	0.256589	0.528351	0.529164	0.522442	0.1591	0.21346	0.0799891	0.231432	0.356651
CC6	0.568329	0.139883	0.196173	0.19982	0.36611	0.447048	0.134331	0.0809365	0.14888	0.0882978	0.0	0.425563	0.184228	0.241883	0.267871	0.395422	0.414636	0.393933	0.530802	0.533212	0.547746	0.519862	0.568919	0.514838	0.0641656	0.108068	0.262071	0.508838	0.536801	0.545727	0.451373	0.469333	0.39401	0.377184	0.467832	0.24541	0.282679	0.1557	0.121936	0.0604532	0.041205	0.0863347	0.492767	0.235942	0.549262	0.557827	0.536042	0.167886	0.220883	0.0792489	0.222945	0.354358
CC41	0.477663	0.377061	0.0978067	0.100834	0.028689	0.0673438	0.3744	0.372101	0.40139	0.41995	0.425563	0.0	0.173034	0.186692	0.0755621	0.140122	0.0354308	0.0523439	0.446257	0.470104	0.472625	0.454234	0.49343	0.229246	0.286638	0.372698	0.46102	0.482274	0.465798	0.445588	0.0939335	0.0744055	0.0269391	0.0350052	0.0427537	0.0681916	0.0965985	0.26271	0.201929	0.308973	0.317529	0.32362	0.0821356	0.110845	0.458501	0.477599	0.524173	0.418852	0.296356	0.314015	0.0788198	0.081441
CC19	0.31248	0.14956	0.0322245	0.0662812	0.154883	0.19811	0.136027	0.128601	0.154311	0.210606	0.184228	0.173034	0.0	0.0391775	0.0801288	0.166993	0.192193	0.194918	0.274729	0.280452	0.305144	0.287682	0.329961	0.309762	0.097278	0.1381	0.231548	0.267558	0.292424	0.280719	0.239133	0.251727	0.157514	0.16027	0.217252	0.0923689	0.105534	0.128095	0.0787575	0.105169	0.109876	0.114908	0.263312	0.0631093	0.284343	0.315228	0.298501	0.17494	0.17836	0.0963426	0.084668	0.138215
CC16	0.26716	0.192055	0.08638	0.107116	0.156662	0.209778	0.172602	0.177072	0.18568	0.254097	0.241883	0.186692	0.0391775	0.0	0.0955227	0.179926	0.200498	0.210223	0.228614	0.244517	0.256667	0.249445	0.278282	0.310492	0.155471	0.204421	0.2819	0.223243	0.256692	0.242385	0.241838	0.253433	0.155316	0.177246	0.217622	0.120565	0.133722	0.168778	0.122829	0.147603	0.16771	0.178591	0.270315	0.0989156	0.233592	0.275128	0.26074	0.221517	0.22553	0.155073	0.122292	0.154054
CC35	0.352248	0.219007	0.0249013	0.0396611	0.0406074	0.103434	0.22435	0.221282	0.231699	0.283826	0.267871	0.0755621	0.0801288	0.0955227	0.0	0.0980293	0.06597	0.0877387	0.321698	0.341858	0.346467	0.34405	0.372342	0.210817	0.156758	0.225411	0.302676	0.347977	0.344823	0.322515	0.120192	0.128153	0.0527511	0.0530601	0.0891142	0.0390353	0.0350806	0.155047	0.0948175	0.168328	0.18412	0.184489	0.154648	0.0128212	0.329464	0.357567	0.389371	0.253184	0.168655	0.168109	0.0311558	0.0368963
CC32	0.473031	0.350774	0.138514	0.141826	0.110819	0.184163	0.354321	0.346873	0.373865	0.401437	0.395422	0.140122	0.166993	0.179926	0.0980293	0.0	0.147282	0.149265	0.433158	0.45186	0.46269	0.443573	0.475025	0.290714	0.269784	0.356949	0.444784	0.463988	0.459183	0.441591	0.183722	0.182217	0.137947	0.129551	0.16843	0.133008	0.130735	0.258589	0.20441	0.299274	0.301789	0.308908	0.22902	0.125668	0.444283	0.472391	0.49171	0.400905	0.301779	0.299225	0.129719	0.149075
CC45	0.429775	0.362119	0.115611	0.104221	0.0229208	0.0633465	0.370988	0.369768	0.384631	0.417603	0.414636	0.0354308	0.192193	0.200498	0.06597	0.147282	0.0	0.0367606	0.419325	0.449349	0.430765	0.428758	0.458944	0.206623	0.28107	0.365906	0.43537	0.473983	0.425634	0.408172	0.0741526	0.0531782	0.0170952	0.0218127	0.0271035	0.0815933	0.0962249	0.269821	0.214249	0.315376	0.319307	0.327905	0.0802434	0.0981335	0.41925	0.436728	0.511643	0.40931	0.269706	0.310451	0.0933433	0.065468
CC48	0.418679	0.345714	0.114492	0.102541	0.0415912	0.0878605	0.350842	0.351827	0.371141	0.395992	0.393933	0.0523439	0.194918	0.210223	0.0877387	0.149265	0.0367606	0.0	0.411542	0.43268	0.425371	0.419342	0.445349	0.192618	0.277038	0.352285	0.413867	0.458799	0.418793	0.395594	0.0839011	0.0718095	0.0378965	0.042096	0.0593872	0.0679551	0.0901585	0.252129	0.200875	0.297512	0.307025	0.311533	0.106182	0.101607	0.409764	0.429425	0.487914	0.384129	0.265258	0.296454	0.0962049	0.0815619
CC4	0.360407	0.500096	0.383924	0.36211	0.3751	0.465269	0.47319	0.462111	0.499486	0.517622	0.530802	0.446257	0.274729	0.228614	0.321698	0.433158	0.419325	0.411542	0.0	-0.0104641	0.232519	0.212698	0.216237	0.563327	0.418736	0.521948	0.626167	0.304207	0.293358	0.334824	0.45911	0.455891	0.429812	0.426513	0.475499	0.376223	0.383944	0.433681	0.40522	0.44334	0.445867	0.479784	0.522889	0.385746	0.20631	0.335074	0.341296	0.55858	0.515754	0.454866	0.378235	0.424289
CC3	0.391214	0.502734	0.394679	0.374592	0.394333	0.490141	0.473987	0.458657	0.504086	0.522624	0.533212	0.470104	0.280452	0.244517	0.341858	0.45186	0.449349	0.43268	-0.0104641	0.0	0.268695	0.231571	0.250308	0.58428	0.425947	0.527343	0.63377	0.306461	0.328949	0.364925	0.481339	0.479857	0.456736	0.447904	0.505793	0.394198	0.404747	0.441739	0.413105	0.448304	0.449235	0.485009	0.545972	0.406092	0.245646	0.376533	0.342405	0.55905	0.529488	0.459583	0.394939	0.449203
CC12	0.20966	0.523045	0.412923	0.388303	0.397356	0.46952	0.49571	0.480932	0.514375	0.525862	0.547746	0.472625	0.305144	0.256667	0.346467	0.46269	0.430765	0.425371	0.232519	0.268695	0.0	0.173393	0.219312	0.564276	0.425648	0.539711	0.624493	0.434677	0.173565	0.20352	0.463291	0.455794	0.456012	0.444243	0.490641	0.407644	0.40387	0.447591	0.436025	0.472641	0.465123	0.499914	0.532749	0.414793	0.208975	0.197323	0.476561	0.575426	0.521214	0.491675	0.408081	0.458405
CC8	0.224407	0.493244	0.395082	0.37077	0.387406	0.460889	0.470328	0.455599	0.484961	0.50384	0.519862	0.454234	0.287682	0.249445	0.34405	0.443573	0.428758	0.419342	0.212698	0.231571	0.173393	0.0	0.221305	0.550756	0.413704	0.510467	0.583358	0.382957	0.182286	0.200019	0.462991	0.451735	0.443991	0.429072	0.472639	0.391308	0.395007	0.426561	0.415292	0.449398	0.445492	0.47394	0.519657	0.398	0.225342	0.192291	0.409528	0.529305	0.497282	0.455676	0.391973	0.435175
CC11	0.301971	0.54461	0.444088	0.411421	0.419512	0.500401	0.508343	0.502314	0.536553	0.546474	0.568919	0.49343	0.329961	0.278282	0.372342	0.475025	0.458944	0.445349	0.216237	0.250308	0.219312	0.221305	0.0	0.573772	0.459232	0.561696	0.639466	0.408248	0.260293	0.286502	0.482158	0.476069	0.476939	0.470296	0.511083	0.42598	0.434278	0.470535	0.456477	0.494923	0.49565	0.523462	0.554344	0.44129	-0.00347093	0.292387	0.441242	0.591638	0.551738	0.506928	0.4348	0.478698
CC51	0.573906	0.477161	0.283109	0.253163	0.184025	0.265429	0.459945	0.46437	0.498285	0.488145	0.514838	0.229246	0.309762	0.310492	0.210817	0.290714	0.206623	0.192618	0.563327	0.58428	0.564276	0.550756	0.573772	0.0	0.387525	0.499428	0.544593	0.60013	0.560723	0.557604	0.0560264	0.197193	0.213533	0.213326	0.251996	0.230799	0.250491	0.364252	0.339514	0.42471	0.425381	0.439969	0.298947	0.262965	0.562867	0.566508	0.615256	0.5212	0.417785	0.440745	0.233779	0.259141
CC29	0.428563	0.0906281	0.0715626	0.0898969	0.248696	0.306395	0.0737786	0.0552437	0.0906257	0.0787146	0.0641656	0.286638	0.097278	0.155471	0.156758	0.269784	0.28107	0.277038	0.418736	0.425947	0.425648	0.413704	0.459232	0.387525	0.0	0.0426647	0.164008	0.406813	0.411597	0.408293	0.330189	0.347533	0.254779	0.243753	0.325106	0.132059	0.159855	0.0838845	0.0355343	0.01966	0.0105103	0.0257869	0.342685	0.108374	0.424623	0.431409	0.439997	0.110903	0.111152	0.0204116	0.103211	0.214853
CC28	0.560756	0.130328	0.13958	0.148191	0.32063	0.404151	0.116679	0.0907689	0.145223	0.0928845	0.108068	0.372698	0.1381	0.204421	0.225411	0.356949	0.365906	0.352285	0.521948	0.527343	0.539711	0.510467	0.561696	0.499428	0.0426647	0.0	0.278747	0.506638	0.525374	0.536356	0.418004	0.427821	0.344172	0.331108	0.425731	0.201028	0.228352	0.127624	0.0749607	0.048532	0.0205751	0.0610872	0.44319	0.19366	0.538278	0.549961	0.542852	0.178052	0.20277	0.0406095	0.169716	0.30468
CC27	0.650676	0.255758	0.261836	0.230647	0.38328	0.477687	0.268144	0.212479	0.279178	0.242031	0.262071	0.46102	0.231548	0.2819	0.302676	0.444784	0.43537	0.413867	0.626167	0.63377	0.624493	0.583358	0.639466	0.544593	0.164008	0.278747	0.0	0.619899	0.60952	0.635925	0.46865	0.480608	0.426055	0.414765	0.521894	0.293223	0.327257	0.226117	0.21108	0.187772	0.165252	0.201456	0.528779	0.293913	0.646616	0.630981	0.637938	0.32937	0.347172	0.221465	0.261632	0.406645
CC1	0.526051	0.47451	0.398238	0.375663	0.41803	0.504943	0.441087	0.43096	0.469394	0.499607	0.508838	0.482274	0.267558	0.223243	0.347977	0.463988	0.473983	0.458799	0.304207	0.306461	0.434677	0.382957	0.408248	0.60013	0.406813	0.506638	0.619899	0.0	0.469936	0.497892	0.510584	0.509668	0.472032	0.467674	0.534275	0.402223	0.408638	0.422649	0.402593	0.420489	0.42829	0.462182	0.579409	0.40567	0.39975	0.509838	0.0450179	0.52604	0.513765	0.431728	0.399186	0.458009
CC13	0.122088	0.507438	0.397168	0.378435	0.392038	0.468584	0.484354	0.469157	0.507605	0.512752	0.536801	0.465798	0.292424	0.256692	0.344823	0.459183	0.425634	0.418793	0.293358	0.328949	0.173565	0.182286	0.260293	0.560723	0.411597	0.525374	0.60952	0.469936	0.0	0.100254	0.459789	0.44952	0.447989	0.433363	0.487995	0.398033	0.399616	0.436163	0.431993	0.463659	0.457185	0.48436	0.533006	0.409597	0.257102	0.11	0.50306	0.55607	0.511829	0.472443	0.398302	0.452978
CC17	0.0734948	0.512902	0.374986	0.360031	0.363409	0.454008	0.487671	0.467718	0.516457	0.519642	0.545727	0.445588	0.280719	0.242385	0.322515	0.441591	0.408172	0.395594	0.334824	0.364925	0.20352	0.200019	0.286502	0.557604	0.408293	0.536356	0.635925	0.497892	0.100254	0.0	0.441928	0.430433	0.424329	0.413264	0.470582	0.375762	0.377499	0.436256	0.412619	0.453796	0.451925	0.48731	0.520488	0.388311	0.304774	0.10677	0.531429	0.574024	0.520201	0.478014	0.377649	0.439217
CC50	0.461996	0.411799	0.181472	0.168122	0.0715993	0.126428	0.404084	0.409455	0.428877	0.442371	0.451373	0.0939335	0.239133	0.241838	0.120192	0.183722	0.0741526	0.0839011	0.45911	0.481339	0.463291	0.462991	0.482158	0.0560264	0.330189	0.418004	0.46865	0.510584	0.459789	0.441928	0.0	0.0670712	0.0826027	0.0739833	0.0916741	0.135639	0.153482	0.305651	0.263832	0.359239	0.364673	0.372724	0.147284	0.152809	0.455091	0.464992	0.533183	0.447509	0.327659	0.368224	0.144154	0.121631
CC49	0.446918	0.424782	0.191267	0.172507	0.0635326	0.0931555	0.42622	0.426408	0.435012	0.461801	0.469333	0.0744055	0.251727	0.253433	0.128153	0.182217	0.0531782	0.0718095	0.455891	0.479857	0.455794	0.451735	0.476069	0.197193	0.347533	0.427821	0.480608	0.509668	0.44952	0.430433	0.0670712	0.0	0.0554638	0.0644773	0.0550585	0.140796	0.156495	0.321616	0.286092	0.379508	0.387573	0.394414	0.106847	0.169147	0.449779	0.457489	0.532622	0.45691	0.337425	0.383193	0.147639	0.116194
CC43	0.45636	0.339063	0.0820716	0.071441	0.0144765	0.0578245	0.34648	0.341163	0.358351	0.395503	0.39401	0.0269391	0.157514	0.155316	0.0527511	0.137947	0.0170952	0.0378965	0.429812	0.456736	0.456012	0.443991	0.476939	0.213533	0.254779	0.344172	0.426055	0.472032	0.447989	0.424329	0.0826027	0.0554638	0.0	0.0243874	0.0309881	0.0352525	0.0721662	0.239075	0.174869	0.266816	0.290241	0.295636	0.0886235	0.0663307	0.434591	0.46482	0.514208	0.385487	0.264097	0.276818	0.0534804	0.0389272
CC44	0.440796	0.336636	0.079679	0.0739477	0.0204166	0.0603182	0.340566	0.340781	0.358648	0.383701	0.377184	0.0350052	0.16027	0.177246	0.0530601	0.129551	0.0218127	0.042096	0.426513	0.447904	0.444243	0.429072	0.470296	0.213326	0.243753	0.331108	0.414765	0.467674	0.433363	0.413264	0.0739833	0.0644773	0.0243874	0.0	0.0342767	0.0542735	0.0778159	0.225549	0.17407	0.271231	0.28279	0.28363	0.0832622	0.0725684	0.429778	0.449443	0.507461	0.373976	0.249723	0.274574	0.0525094	0.0383522
CC46	0.498944	0.424547	0.149564	0.140528	0.0378959	0.0771498	0.419657	0.419943	0.438431	0.463346	0.467832	0.0427537	0.217252	0.217622	0.0891142	0.16843	0.0271035	0.0593872	0.475499	0.505793	0.490641	0.472639	0.511083	0.251996	0.325106	0.425731	0.521894	0.534275	0.487995	0.470582	0.0916741	0.0550585	0.0309881	0.0342767	0.0	0.10526	0.127712	0.31015	0.252953	0.356294	0.368647	0.37756	0.0995851	0.136894	0.48213	0.499445	0.572211	0.475646	0.336099	0.365807	0.118763	0.0910194
CC38	0.404523	0.209561	0.00585722	0.0148234	0.0481996	0.106293	0.21563	0.210353	0.230732	0.248293	0.24541	0.0681916	0.0923689	0.120565	0.0390353	0.133008	0.0815933	0.0679551	0.376223	0.394198	0.407644	0.391308	0.42598	0.230799	0.132059	0.201028	0.293223	0.402223	0.398033	0.375762	0.135639	0.140796	0.0352525	0.0542735	0.10526	0.0	0.0329997	0.123844	0.0674703	0.135207	0.149672	0.154114	0.128653	0.0219153	0.377795	0.414051	0.442183	0.244537	0.14878	0.136373	-0.00132454	0.0416331
CC33	0.410742	0.231079	0.0406658	0.0493059	0.0744226	0.132454	0.251992	0.23382	0.249187	0.285673	0.282679	0.0965985	0.105534	0.133722	0.0350806	0.130735	0.0962249	0.0901585	0.383944	0.404747	0.40387	0.395007	0.434278	0.250491	0.159855	0.228352	0.327257	0.408638	0.399616	0.377499	0.153482	0.156495	0.0721662	0.0778159	0.127712	0.0329997	0.0	0.150962	0.103508	0.174926	0.175366	0.186952	0.164625	0.0324549	0.389286	0.412773	0.451863	0.266214	0.15376	0.16789	0.0371092	0.0770995
CC30	0.453276	0.136936	0.0942796	0.0961018	0.224653	0.28712	0.146507	0.128805	0.159834	0.154531	0.1557	0.26271	0.128095	0.168778	0.155047	0.258589	0.269821	0.252129	0.433681	0.441739	0.447591	0.426561	0.470535	0.364252	0.0838845	0.127624	0.226117	0.422649	0.436163	0.436256	0.305651	0.321616	0.239075	0.225549	0.31015	0.123844	0.150962	0.0	0.0747569	0.0938168	0.0908026	0.0951615	0.327179	0.111517	0.442566	0.45322	0.449036	0.158987	0.166981	0.0903451	0.111491	0.203321
CC121	0.446564	0.112637	0.0225918	0.0408897	0.169254	0.250015	0.112737	0.0927577	0.131254	0.129794	0.121936	0.201929	0.0787575	0.122829	0.0948175	0.20441	0.214249	0.200875	0.40522	0.413105	0.436025	0.415292	0.456477	0.339514	0.0355343	0.0749607	0.21108	0.402593	0.431993	0.412619	0.263832	0.286092	0.174869	0.17407	0.252953	0.0674703	0.103508	0.0747569	0.0	0.0243453	0.0386759	0.0409715	0.268038	0.0549931	0.410855	0.442014	0.439967	0.142538	0.100163	0.0373795	0.0546992	0.144194
CC20	0.487934	0.0697386	0.0853229	0.108773	0.261143	0.344257	0.0637449	0.0274099	0.0762432	0.0610861	0.0604532	0.308973	0.105169	0.147603	0.168328	0.299274	0.315376	0.297512	0.44334	0.448304	0.472641	0.449398	0.494923	0.42471	0.01966	0.048532	0.187772	0.420489	0.463659	0.453796	0.359239	0.379508	0.266816	0.271231	0.356294	0.135207	0.174926	0.0938168	0.0243453	0.0	-0.00733791	0.0254013	0.37816	0.12152	0.454634	0.48187	0.460813	0.0804283	0.142839	0.00153633	0.114047	0.232744
CC22	0.478639	0.0733452	0.0864222	0.113862	0.272341	0.347822	0.0657435	0.024541	0.0767119	0.0580354	0.041205	0.317529	0.109876	0.16771	0.18412	0.301789	0.319307	0.307025	0.445867	0.449235	0.465123	0.445492	0.49565	0.425381	0.0105103	0.0205751	0.165252	0.42829	0.457185	0.451925	0.364673	0.387573	0.290241	0.28279	0.368647	0.149672	0.175366	0.0908026	0.0386759	-0.00733791	0.0	0.0132831	0.380557	0.13519	0.46031	0.475647	0.462222	0.0954048	0.127877	0.00200428	0.126046	0.247538
CC26	0.51764	0.0889901	0.0959963	0.121606	0.277238	0.366187	0.0949466	0.0553828	0.123771	0.0874097	0.0863347	0.32362	0.114908	0.178591	0.184489	0.308908	0.327905	0.311533	0.479784	0.485009	0.499914	0.47394	0.523462	0.439969	0.0257869	0.0610872	0.201456	0.462182	0.48436	0.48731	0.372724	0.394414	0.295636	0.28363	0.37756	0.154114	0.186952	0.0951615	0.0409715	0.0254013	0.0132831	0.0	0.392329	0.147548	0.489305	0.507725	0.495515	0.122102	0.164319	0.0216253	0.127475	0.250455
CC47	0.546795	0.438421	0.187682	0.172135	0.0891667	0.139926	0.446381	0.433989	0.464675	0.471858	0.492767	0.0821356	0.263312	0.270315	0.154648	0.22902	0.0802434	0.106182	0.522889	0.545972	0.532749	0.519657	0.554344	0.298947	0.342685	0.44319	0.528779	0.579409	0.533006	0.520488	0.147284	0.106847	0.0886235	0.0832622	0.0995851	0.128653	0.164625	0.327179	0.268038	0.37816	0.380557	0.392329	0.0	0.185654	0.529312	0.546951	0.611532	0.506364	0.353847	0.388551	0.142176	0.154732
CC37	0.427908	0.199646	-0.0617375	0.0112146	0.0599421	0.140905	0.202738	0.190938	0.221293	0.256589	0.235942	0.110845	0.0631093	0.0989156	0.0128212	0.125668	0.0981335	0.101607	0.385746	0.406092	0.414793	0.398	0.44129	0.262965	0.108374	0.19366	0.293913	0.40567	0.409597	0.388311	0.152809	0.169147	0.0663307	0.0725684	0.136894	0.0219153	0.0324549	0.111517	0.0549931	0.12152	0.13519	0.147548	0.185654	0.0	0.393395	0.422714	0.452157	0.234046	0.143252	0.119024	0.00147108	0.036968
CC10	0.311661	0.519921	0.392806	0.3666	0.381065	0.471103	0.482536	0.475403	0.512322	0.528351	0.549262	0.458501	0.284343	0.233592	0.329464	0.444283	0.41925	0.409764	0.20631	0.245646	0.208975	0.225342	-0.00347093	0.562867	0.424623	0.538278	0.646616	0.39975	0.257102	0.304774	0.455091	0.449779	0.434591	0.429778	0.48213	0.377795	0.389286	0.442566	0.410855	0.454634	0.46031	0.489305	0.529312	0.393395	0.0	0.296407	0.445915	0.58511	0.526296	0.469376	0.386727	0.438618
CC14	0.149462	0.533169	0.418165	0.393753	0.396758	0.481743	0.507615	0.488027	0.532142	0.529164	0.557827	0.477599	0.315228	0.275128	0.357567	0.472391	0.436728	0.429425	0.335074	0.376533	0.197323	0.192291	0.292387	0.566508	0.431409	0.549961	0.630981	0.509838	0.11	0.10677	0.464992	0.457489	0.46482	0.449443	0.499445	0.414051	0.412773	0.45322	0.442014	0.48187	0.475647	0.507725	0.546951	0.422714	0.296407	0.0	0.537349	0.581838	0.530838	0.500592	0.414677	0.471095
CC2	0.555662	0.507645	0.443395	0.416794	0.449809	0.541128	0.470908	0.4596	0.502982	0.522442	0.536042	0.524173	0.298501	0.26074	0.389371	0.49171	0.511643	0.487914	0.341296	0.342405	0.476561	0.409528	0.441242	0.615256	0.439997	0.542852	0.637938	0.0450179	0.50306	0.531429	0.533183	0.532622	0.514208	0.507461	0.572211	0.442183	0.451863	0.449036	0.439967	0.460813	0.462222	0.495515	0.611532	0.452157	0.445915	0.537349	0.0	0.552964	0.557654	0.476126	0.440551	0.504023
CC25	0.598431	0.171706	0.192474	0.210159	0.348458	0.44781	0.165172	0.114185	0.183163	0.1591	0.167886	0.418852	0.17494	0.221517	0.253184	0.400905	0.40931	0.384129	0.55858	0.55905	0.575426	0.529305	0.591638	0.5212	0.110903	0.178052	0.32937	0.52604	0.55607	0.574024	0.447509	0.45691	0.385487	0.373976	0.475646	0.244537	0.266214	0.158987	0.142538	0.0804283	0.0954048	0.122102	0.506364	0.234046	0.58511	0.581838	0.552964	0.0	0.278248	0.11216	0.219855	0.357332
CC31	0.540905	0.225653	0.134467	0.129118	0.241356	0.318048	0.239924	0.200924	0.249761	0.21346	0.220883	0.296356	0.17836	0.22553	0.168655	0.301779	0.269706	0.265258	0.515754	0.529488	0.521214	0.497282	0.551738	0.417785	0.111152	0.20277	0.347172	0.513765	0.511829	0.520201	0.327659	0.337425	0.264097	0.249723	0.336099	0.14878	0.15376	0.166981	0.100163	0.142839	0.127877	0.164319	0.353847	0.143252	0.526296	0.530838	0.557654	0.278248	0.0	0.131385	0.118691	0.230085
CC7	0.508336	0.0619553	0.0848837	0.0995596	0.264172	0.351138	0.0695025	0.0457177	0.104047	0.0799891	0.0792489	0.314015	0.0963426	0.155073	0.168109	0.299225	0.310451	0.296454	0.454866	0.459583	0.491675	0.455676	0.506928	0.440745	0.0204116	0.0406095	0.221465	0.431728	0.472443	0.478014	0.368224	0.383193	0.276818	0.274574	0.365807	0.136373	0.16789	0.0903451	0.0373795	0.00153633	0.00200428	0.0216253	0.388551	0.119024	0.469376	0.500592	0.476126	0.11216	0.131385	0.0	0.117968	0.239267
CC66	0.411852	0.193907	-0.0045116	0.0113057	0.0580665	0.123528	0.199574	0.18191	0.213898	0.231432	0.222945	0.0788198	0.084668	0.122292	0.0311558	0.129719	0.0933433	0.0962049	0.378235	0.394939	0.408081	0.391973	0.4348	0.233779	0.103211	0.169716	0.261632	0.399186	0.398302	0.377649	0.144154	0.147639	0.0534804	0.0525094	0.118763	-0.00132454	0.0371092	0.111491	0.0546992	0.114047	0.126046	0.127475	0.142176	0.00147108	0.386727	0.414677	0.440551	0.219855	0.118691	0.117968	0.0	0.0124708
CC40	0.467672	0.308611	0.0558975	0.0496411	0.0369563	0.120398	0.314838	0.306132	0.33466	0.356651	0.354358	0.081441	0.138215	0.154054	0.0368963	0.149075	0.065468	0.0815619	0.424289	0.449203	0.458405	0.435175	0.478698	0.259141	0.214853	0.30468	0.406645	0.458009	0.452978	0.439217	0.121631	0.116194	0.0389272	0.0383522	0.0910194	0.0416331	0.0770995	0.203321	0.144194	0.232744	0.247538	0.250455	0.154732	0.036968	0.438618	0.471095	0.504023	0.357332	0.230085	0.239267	0.0124708	0.0
