,CC1,CC10,CC11,CC12,CC121,CC13,CC14,CC15,CC16,CC17,CC18,CC19,CC2,CC20,CC21,CC22,CC23,CC24,CC25,CC26,CC27,CC28,CC29,CC3,CC30,CC31,CC32,CC33,CC34,CC35,CC36,CC37,CC38,CC39,CC4,CC40,CC41,CC42,CC43,CC44,CC45,CC46,CC47,CC48,CC49,CC5,CC50,CC51,CC6,CC66,CC7,CC8
CC1,0,3.97673674076405,4.30792697288921,5.56286760967834,7.44467194544904,5.91865716553187,4.82990475739219,10.53467063024,5.82581738631196,6.31438395527516,7.75100322167385,6.36690272441006,1.65046518089335e-15,9.88819893608965,8.46212425836773,8.43217678327606,7.69654771498395,8.63779991998939,8.96595945983597,9.7120739884166,9.45071767915052,8.48447140041415,8.16081024942017,3.72634815251607,7.55724043310814,9.64470265735049,8.76269405572023,7.40606788020224,7.48416597116583,8.26357089096493,7.25654518658975,6.97252934158595,6.96555817953702,8.82123487607218,3.72634815251607,7.39252922458552,9.02678395831723,7.18649810707443,8.15297224681386,8.15297224681386,8.52746729472766,10.7620566622797,8.25305300940529,8.94215719560113,8.70250370534281,8.55742829107512,9.47366432451894,9.47366432451894,9.78481757531388,11.3088376099956,8.15818597168804,5.18125268720015
CC10,3.97673674076405,0,1.31370681874581,2.38324139315553,7.03211041658792,4.59373819170403,3.28080245251716,10.5877893746842,5.21309404638202,5.4166894480289,4.99879858461392,5.79782582396323,3.97673674076405,10.4359726871654,8.42965328544638,8.63266731972769,7.70497513231485,8.65465298086134,9.51174339486549,10.1009649363619,9.46794672814885,8.55201871728906,7.8657382553425,2.36716405527978,7.31460163003998,9.84254959102208,6.92222791727486,6.1933566206532,6.19372269655305,6.77751076613442,6.05186406464343,6.01296772034874,6.02372701739509,6.43284797056688,2.36716405527978,6.39036660153834,6.53456062709196,6.00344923129252,6.23924284423201,6.23924284423201,6.54361440515018,8.56373629806401,6.67362572833887,7.03584302177284,7.00765757567156,8.78963032894523,7.94506196892287,7.94506196892287,10.1545085694035,12.054911407934,8.41270610133187,2.76202627753371
CC11,4.30792697288921,1.31370681874581,0,1.85664095433877,7.24755141547271,4.76830723669676,3.31162220881417,10.9664842036062,5.1949074526696,5.63405764524602,3.98743345477314,5.37289965432002,4.30792697288921,11.2163607952019,8.68892148396046,9.05576644735479,8.08513254363601,9.01032803206797,10.1892539467531,10.6412249894566,9.67939104334848,8.84894152325162,7.92671404595254,3.08999297669388,7.59239075784579,10.1771559128126,6.68004253636187,6.0103555894758,5.9149118766741,6.63842870326466,5.9597161488398,6.37838182550634,6.39624069113886,5.93948574076743,3.08999297669388,7.00039174083174,5.97575306581682,6.23097969702867,5.85595270058877,5.85595270058877,6.07353750782409,8.14006529176544,6.43090055597059,6.66651878950767,7.04387211482402,9.22038183832874,7.97702196074155,7.97702196074155,10.4672330086592,12.3676883965432,9.13685014271635,2.22591715231184
CC12,5.56286760967834,2.38324139315553,1.85664095433877,0,7.38263121793559,4.48851208208736,2.88286021558609,11.0775057164723,5.22364655912219,5.60922135830733,3.19713607167944,5.37243414015561,5.56286760967834,11.3333447176298,8.70123766885568,8.99945161448615,8.11963888352577,9.03716826103328,10.2764629515286,10.6627493083256,9.53058258277984,8.70668493633797,7.73826404397686,3.46832606457815,7.58303750068568,10.3959009346078,6.42044406583043,5.91723092037659,5.77813023323952,6.46237642094935,5.89047511843004,6.4656386326157,6.52506222056714,5.35716171938716,3.46832606457815,7.08243016151169,5.45017129559624,6.20569438656891,5.52994951666621,5.52994951666621,5.71862161840892,7.70203861921862,6.72067120869574,6.43218051485247,6.98654197987311,9.13382668170963,7.9264439585912,7.9264439585912,10.3214960354312,12.5443415939792,9.26817821734453,1.48472840609102
CC121,7.44467194544904,7.03211041658792,7.24755141547271,7.38263121793559,0,7.16512865466746,6.27718319262449,8.6749318894158,6.03536820739265,7.70055373022605,8.7803665322287,7.01964180535578,7.44467194544904,6.34837725436614,5.33000365331078,3.626936724776,3.84714427470288,5.45762548285028,5.10961501991563,5.96619120848802,5.17724458362139,3.17312551772621,2.69266116650931,7.43351582365594,1.57675643278983,3.92503207257146,8.56136439022016,2.86397525123613,3.28172168303996,7.62836254508952,2.76240291169433,2.54468986254882,2.4233040268752,7.5574054060295,7.43351582365594,4.51613558392483,7.96037991464239,5.59481447461248,5.31756059636909,5.31756059636909,5.77485884137865,9.43148239068216,5.11985299413778,6.45757122535227,6.42652722080636,4.06108069267478,7.43753972170386,7.43753972170386,5.92324561185154,7.21364698015312,4.80505418123989,7.20830895146509
CC13,5.91865716553187,4.59373819170403,4.76830723669676,4.48851208208736,7.16512865466746,0,2.74232911395455,8.90227216101206,5.88498440195917,6.98928204936401,6.35853243192079,5.35086723684229,5.91865716553187,9.99105504692445,6.32425284606503,8.16201939066249,7.43282449194825,7.93808375268279,9.1129409046122,9.13291943950872,8.362050778344,7.97043626536697,7.4482903582938,4.68803385964845,7.14685343772189,9.73405655135188,8.59774108757315,6.52050125222924,6.53847138567799,5.3227593785038,6.41330972946903,6.45312414543565,6.5133866940099,7.2150536564715,4.68803385964845,6.92812023200729,7.46610651808675,6.58444547073498,6.7726039125203,6.7726039125203,7.08764938980182,9.8253005922747,7.41145534822052,6.3754269097044,7.80687712506699,8.28770466319641,9.22360247848159,9.22360247848159,9.38462438873974,11.6000149918258,8.13970449328282,4.47084436335033
CC14,4.82990475739219,3.28080245251716,3.31162220881417,2.88286021558609,6.27718319262449,2.74232911395455,0,9.23095289445391,4.54016705819617,4.7289796100079,5.01534573797221,4.55201150378789,4.82990475739219,9.77896168626781,6.9484538880555,7.49137028522596,6.90473665831154,7.55020263731684,8.6178117080714,8.84236943051743,7.89454014281815,7.20149321358038,6.52485227289113,3.62355326222289,6.27663630318432,9.1946248517439,6.80888488190814,5.32633761680893,5.31719331394468,5.80865915285778,5.23771165432915,5.48451992492392,5.56656741066621,6.02044649563334,3.62355326222289,6.12932464754848,6.29554914843944,5.44433636555642,5.52729820112111,5.52729820112111,5.86473790455045,8.13665155671632,6.48713859475896,5.93790040015487,6.64136779569196,7.66367472400398,7.58861732443465,7.58861732443465,9.00707214176362,11.1783436653375,7.78087050404716,2.88977058429026
CC15,10.53467063024,10.5877893746842,10.9664842036062,11.0775057164723,8.6749318894158,8.90227216101206,9.23095289445391,0,9.21049318787551,9.82999383636497,12.6758760651276,9.44043941060348,10.53467063024,9.3800559671254,6.06472238917197,8.28993470208986,8.43532630183533,4.77475559634433,8.31754473979809,5.81782969574489,6.23653568810344,8.58306927227505,9.04682861422276,10.495063831588,8.23247748005008,10.1874819699732,10.341603478587,9.23150320992375,9.41053538376333,8.60824189417202,8.96927579386544,8.28969935654854,8.32574157271062,11.2567924872141,10.495063831588,8.53707886739303,11.7340726141699,8.73040338252251,10.3140390209812,10.3140390209812,10.7344735844096,11.8933309416024,9.82845612416022,9.14291238999325,9.62866341851355,8.55133025953015,9.93002676374087,9.93002676374087,10.3485212143608,10.6021431453131,7.01445275921942,10.9267543999308
CC16,5.82581738631196,5.21309404638202,5.1949074526696,5.22364655912219,6.03536820739265,5.88498440195917,4.54016705819617,9.21049318787551,0,6.23251659394853,6.71701709995087,2.5327403594469,5.82581738631196,8.95079061488772,6.37268092239357,6.71207783516388,5.48670586544388,6.73050869317975,7.72186496237812,8.5379321698885,7.77225092432194,6.63908208766642,6.21754029919653,6.0773149021443,5.61735090537563,9.59654485750502,5.67090761716896,4.69695345011197,4.66989525427008,4.68608568717502,4.43148611015569,4.65993578478525,4.83703357154186,4.86355566847627,6.0773149021443,5.44267554307749,5.46056432431985,3.76369470579535,5.32293945782341,5.32293945782341,5.75673293076228,7.75381970019307,6.90050755796591,6.62144614791841,6.44986091356175,7.25176866395201,7.45771082815961,7.45771082815961,9.06591930776841,11.8359135050118,7.12518557316976,5.57395476763817
CC17,6.31438395527516,5.4166894480289,5.63405764524602,5.60922135830733,7.70055373022605,6.98928204936401,4.7289796100079,9.82999383636497,6.23251659394853,0,7.03074267874715,7.02608807527813,6.31438395527516,10.9394793432722,9.61226216329359,8.82135283995306,8.92698528640851,8.60045063603063,9.51221886097096,9.51604419885074,8.98589082616428,8.62656455773095,8.19367383280654,5.92606171221894,7.77767794818663,10.2143054787556,5.27984355285495,7.05558709228142,7.1208435005982,8.48929189474756,6.93914998541127,6.8357909731209,6.89337768992236,7.43469084807796,5.92606171221894,7.07714852063152,7.61245986141794,6.46191221894357,7.13345898140036,7.13345898140036,7.41901201345586,6.75292574959282,7.28926738374981,7.57689359986507,6.5461024820551,9.05002659695122,5.82837212484098,5.82837212484098,10.8947502132542,12.2263487110264,8.80775913027136,5.89240323657177
CC18,7.75100322167385,4.99879858461392,3.98743345477314,3.19713607167944,8.7803665322287,6.35853243192079,5.01534573797221,12.6758760651276,6.71701709995087,7.03074267874715,0,6.12236466336172,7.75100322167386,13.6353428936181,10.4036015311006,10.9726107290709,10.0691121519353,10.8355952772467,12.4959350777618,12.6198586818504,11.0576916845169,10.4525719468517,9.12640742049124,6.39766740690486,9.23106468720756,11.8391223624537,6.71337673122339,6.60492089516878,6.31336449303758,7.07779689466015,6.74566958181628,7.96871219501722,8.02424954363519,4.57845067750761,6.39766740690486,8.66320916971808,4.29398928787232,7.24910726798667,5.17395099920078,5.17395099920078,5.00671488450945,6.62167801609462,6.55045174229148,5.86051228970151,7.08540149510085,11.1401680081033,8.01371694901529,8.01371694901528,12.1889185550559,14.048269006011,11.5401452343573,3.87651307455904
CC19,6.36690272441006,5.79782582396323,5.37289965432002,5.37243414015561,7.01964180535578,5.35086723684229,4.55201150378789,9.44043941060348,2.5327403594469,7.02608807527813,6.12236466336172,0,6.36690272441006,10.5602711192311,6.6269283809549,8.02822770899538,6.89139233619254,7.65408254038417,9.31118681978392,9.55921205602398,8.33589407673062,7.74820363679649,6.96597803888236,6.84151390582888,6.7973091216998,10.5028318944562,6.22190382664905,5.22675203313361,5.05993251888836,3.67695573539795,5.15940636259859,6.02703095342968,6.17577627982139,4.78663144158156,6.84151390582888,7.01828929978652,5.23229271593451,5.12848158299293,5.52381713225793,5.52381713225793,5.79119526220592,7.87503366487712,6.96994142804305,6.06633611618859,7.15995985871425,8.52362574368311,8.32249822409882,8.32249822409882,9.99958223171217,12.580795354493,8.71986521892484,5.7202442762989
CC2,1.65046518089335e-15,3.97673674076405,4.30792697288921,5.56286760967834,7.44467194544904,5.91865716553187,4.82990475739219,10.53467063024,5.82581738631196,6.31438395527516,7.75100322167386,6.36690272441006,0,9.88819893608965,8.46212425836773,8.43217678327606,7.69654771498395,8.63779991998939,8.96595945983598,9.7120739884166,9.45071767915052,8.48447140041415,8.16081024942017,3.72634815251607,7.55724043310814,9.64470265735049,8.76269405572023,7.40606788020224,7.48416597116583,8.26357089096493,7.25654518658975,6.97252934158595,6.96555817953702,8.82123487607218,3.72634815251607,7.39252922458552,9.02678395831723,7.18649810707443,8.15297224681386,8.15297224681386,8.52746729472766,10.7620566622797,8.25305300940529,8.94215719560113,8.70250370534281,8.55742829107512,9.47366432451894,9.47366432451894,9.78481757531388,11.3088376099956,8.15818597168804,5.18125268720016
CC20,9.88819893608965,10.4359726871654,11.2163607952019,11.3333447176298,6.34837725436614,9.99105504692445,9.77896168626781,9.3800559671254,8.95079061488772,10.9394793432722,13.6353428936181,10.5602711192311,9.88819893608965,0,6.50563180753115,4.06390393894351,4.60656708974164,6.68006911497148,2.08626126291734,5.50353830115756,7.2133174630493,5.0310726899024,6.74602130492064,9.95090319743917,5.46909329209663,6.57101114271091,12.4357922967647,8.49786479564107,8.90417598499847,10.7431399098725,8.13800596333795,6.47515287466684,6.47252400501807,11.9950910775613,9.95090319743917,6.61594153390791,12.5739085974001,8.5437726712274,10.4856518396384,10.4856518396384,11.0589622596277,14.0715705682142,10.7691341192521,11.5086122599502,10.6589568198824,4.2493279514077,11.4448305403153,11.4448305403153,5.75360791706083,7.90799561547749,3.40338490731996,11.1288698304001
CC21,8.46212425836773,8.42965328544638,8.68892148396046,8.70123766885568,5.33000365331078,6.32425284606503,6.9484538880555,6.06472238917197,6.37268092239357,9.61226216329359,10.4036015311006,6.6269283809549,8.46212425836773,6.50563180753115,0,4.76633741339671,3.93589422734695,4.47320001965496,5.61903041821825,5.77319581899235,5.37488250388164,4.95795242148434,5.32344350851611,8.34444001812347,4.57969430073917,7.49990137575106,9.89552460072815,5.92433784548252,6.10092480455633,6.16627324080025,5.66852662230685,5.25025251888528,5.31587500990528,8.8702586610819,8.34444001812347,6.24928261867854,9.45251231081583,6.58024616923332,7.62168240434057,7.62168240434057,8.10742248354485,11.4273324550189,8.08247582399241,7.53898150178956,8.5478441183258,5.13485599543976,9.81703617573486,9.81703617573486,6.58302759078182,9.11672826190877,4.92570143100398,8.4182419950378
CC22,8.43217678327606,8.63266731972769,9.05576644735479,8.99945161448615,3.626936724776,8.16201939066249,7.49137028522596,8.28993470208986,6.71207783516388,8.82135283995306,10.9726107290709,8.02822770899538,8.43217678327606,4.06390393894351,4.76633741339671,0,2.71527669070898,4.71748800548403,2.57038782657225,4.43395202616398,4.39138981658524,1.22578917119834,2.96854883799057,8.37895230528425,2.28748507036141,4.98863535889684,9.94695312616899,5.50626060605789,5.83607704530944,8.81623982729992,5.29644760414144,4.52168678988758,4.55465728114661,9.56413402027107,8.37895230528425,5.89104426331277,10.146586971099,7.01967708783734,7.95035671387532,7.95035671387532,8.47550734146293,11.5418701994291,8.3784308450041,9.06985365080725,8.80982655229348,1.22928517244481,9.57234500389809,9.57234500389809,3.83859368060991,6.80264715280266,3.30527090987718,8.70667112027425
CC23,7.69654771498395,7.70497513231485,8.08513254363601,8.11963888352577,3.84714427470288,7.43282449194825,6.90473665831154,8.43532630183533,5.48670586544388,8.92698528640851,10.0691121519353,6.89139233619254,7.69654771498395,4.60656708974164,3.93589422734695,2.71527669070898,0,4.93863205836537,3.69960251711423,5.87096454844324,5.76073649915789,3.16778935456988,3.94105470391617,7.56667602364486,2.67452607964034,6.32223371442368,9.41207782510928,4.92439195167215,5.192619888105,7.53012074532271,4.57493495068807,3.73576297693021,3.81440099379554,8.405659808902,7.56667602364486,4.92277667514576,9.03175273854266,5.7105032248145,6.9892925692669,6.9892925692669,7.55098789950736,11.0674032513935,7.96628488227999,8.3471700239952,8.21332785469196,3.29378849139225,9.21029532952531,9.21029532952531,5.14634330880372,8.34230121155283,3.7201628182358,7.83677567853529
CC24,8.63779991998939,8.65465298086134,9.01032803206797,9.03716826103328,5.45762548285028,7.93808375268279,7.55020263731684,4.77475559634433,6.73050869317975,8.60045063603063,10.8355952772467,7.65408254038417,8.63779991998939,6.68006911497148,4.47320001965496,4.71748800548403,4.93863205836537,0,5.27346019157489,3.11503302774032,3.03525434743362,5.00695552646792,5.56855400456319,8.52617212396056,4.70027379741479,7.40450343739561,9.11930226828628,6.28428795728827,6.50527201660363,7.83315242730351,6.00281004501035,5.34143316263688,5.39701034801307,9.26449870890837,8.52617212396056,6.17605204874665,9.83967764229946,6.58768281574637,7.99073889142165,7.99073889142165,8.49110964612562,10.8072946026231,8.12808885202029,8.16625579862306,8.15863185151989,5.08053424435032,8.85027924957108,8.85027924957108,7.17303834448529,7.86888494116345,4.16138517982032,8.78896337871351
CC25,8.96595945983597,9.51174339486549,10.1892539467531,10.2764629515286,5.10961501991563,9.1129409046122,8.6178117080714,8.31754473979809,7.72186496237812,9.51221886097096,12.4959350777618,9.31118681978392,8.96595945983598,2.08626126291734,5.61903041821825,2.57038782657225,3.69960251711423,5.27346019157489,0,4.26852227737765,5.7137970690102,3.54495574337237,5.32590405977155,9.11128744847686,4.03446167400675,5.88885949853598,11.0185707067994,7.18021358858914,7.5782967611783,9.81474624298242,6.8370283559028,5.32140575786609,5.34245856231262,10.8524721659095,9.11128744847686,5.82164012160823,11.4453023786867,7.47827886195815,9.30465564706592,9.30465564706592,9.88273986185525,12.6878938353138,9.58367782767233,10.3204649409394,9.45546151238098,3.0437544921963,10.1696852165775,10.1696852165775,5.34498458007646,7.44710662580032,2.47668332643133,10.0496725584313
CC26,9.7120739884166,10.1009649363619,10.6412249894566,10.6627493083256,5.96619120848802,9.13291943950872,8.84236943051743,5.81782969574489,8.5379321698885,9.51604419885074,12.6198586818504,9.55921205602398,9.7120739884166,5.50353830115756,5.77319581899235,4.43395202616398,5.87096454844324,3.11503302774032,4.26852227737765,0,2.9351920022641,4.79325121961289,5.93434121320658,9.79972100745233,5.22473070694637,6.50290021083672,10.9968003406622,7.68244713618498,8.01834016586581,9.76599817047358,7.45176237721331,6.431411356154,6.44145743714923,11.1970740356799,9.79972100745233,7.1136436272068,11.7285181689162,8.28049425018304,9.67080172505664,9.67080172505664,10.1712043059614,12.4890476727367,9.42026479003528,9.85014073635704,9.59372264182023,4.64296508993856,10.1884092592969,10.1884092592969,6.5941786133879,6.42103495388449,3.99192990475159,10.441026837363
CC27,9.45071767915052,9.46794672814885,9.67939104334848,9.53058258277984,5.17724458362139,8.362050778344,7.89454014281815,6.23653568810344,7.77225092432194,8.98589082616428,11.0576916845169,8.33589407673062,9.45071767915052,7.2133174630493,5.37488250388164,4.39138981658524,5.76073649915789,3.03525434743362,5.7137970690102,2.9351920022641,0,4.12444293238336,4.39602945526025,9.36400567850337,4.54269272438293,6.25129363430208,9.9707051725341,6.27511354715595,6.48817052354219,8.84501738893759,6.22396286971964,6.1116614914366,6.13794237157839,9.90441220494409,9.36400567850337,7.48050821713123,10.4030221526984,8.00100354191737,8.35731638928833,8.35731638928833,8.76422790050975,11.2501366167726,8.26211916994996,8.50433109659152,9.02155654392985,4.5408798978159,9.65156213170061,9.65156213170061,6.10414773386566,6.32433983960283,5.36027620532083,9.24673840106735
CC28,8.48447140041415,8.55201871728906,8.84894152325162,8.70668493633797,3.17312551772621,7.97043626536697,7.20149321358038,8.58306927227505,6.63908208766642,8.62656455773095,10.4525719468517,7.74820363679649,8.48447140041415,5.0310726899024,4.95795242148434,1.22578917119834,3.16778935456988,5.00695552646792,3.54495574337237,4.79325121961289,4.12444293238336,0,1.93681823658475,8.40863768401872,1.91104998551321,4.64588910962338,9.73822039934428,4.91339014991899,5.22071141904988,8.66906264705787,4.80400461481327,4.44335581144102,4.47649969899074,9.1422497036855,8.40863768401872,6.06540113371646,9.69259556767446,7.001626514228,7.41705163876945,7.41705163876945,7.89883527409978,11.0874817491801,7.87806219645736,8.55760144971566,8.54018419029774,1.72130076994829,9.32477833497231,9.32477833497231,3.87837574595332,6.65786088168677,4.20462483067203,8.41182259028963
CC29,8.16081024942017,7.8657382553425,7.92671404595254,7.73826404397686,2.69266116650931,7.4482903582938,6.52485227289113,9.04682861422276,6.21754029919653,8.19367383280654,9.12640742049124,6.96597803888236,8.16081024942017,6.74602130492064,5.32344350851611,2.96854883799057,3.94105470391617,5.56855400456319,5.32590405977155,5.93434121320658,4.39602945526025,1.93681823658475,0,8.00262257438736,2.07061072193946,4.76933817620549,8.94640909278438,3.70665546863674,3.91738281720744,8.03249793645681,3.80106128499599,4.30547076700879,4.32342932672367,8.0976322299602,8.00262257438736,6.32709283598256,8.56845234339086,6.84704700179033,6.33219457571109,6.33219457571109,6.72746695298974,10.0849014660447,6.76641251352644,7.50710958923174,7.98813194046603,3.19664825012397,8.82196105695616,8.82196105695616,4.59729467500995,7.08035659289364,5.53926953434586,7.46727471193961
CC3,3.72634815251607,2.36716405527978,3.08999297669388,3.46832606457815,7.43351582365594,4.68803385964845,3.62355326222289,10.495063831588,6.0773149021443,5.92606171221894,6.39766740690486,6.84151390582888,3.72634815251607,9.95090319743917,8.34444001812347,8.37895230528425,7.56667602364486,8.52617212396056,9.11128744847686,9.79972100745233,9.36400567850337,8.40863768401872,8.00262257438736,0,7.46028627647431,9.81386529473191,8.22388868880726,7.1723128402107,7.21039328444482,7.96991681305676,6.99499969849925,6.6881668553357,6.70615330728817,8.0604661345662,0,6.93700423057255,8.28809223611984,6.93291367454107,7.52884432407467,7.52884432407467,7.90002070570263,10.1114368950672,8.15309177731388,8.35153736884873,8.22177147257545,8.37542698579374,9.03406171881801,9.03406171881801,9.53583115542743,11.6225014659276,7.97907582782899,2.95194028024538
CC30,7.55724043310814,7.31460163003998,7.59239075784579,7.58303750068568,1.57675643278983,7.14685343772189,6.27663630318432,8.23247748005008,5.61735090537563,7.77767794818663,9.23106468720756,6.7973091216998,7.55724043310814,5.46909329209663,4.57969430073917,2.28748507036141,2.67452607964034,4.70027379741479,4.03446167400675,5.22473070694637,4.54269272438293,1.91104998551321,2.07061072193946,7.46028627647431,0,4.54150620967075,8.60644879799024,3.38066844286079,3.75148405156444,7.54891920214131,3.1744429144455,2.69825136690619,2.70285332670226,7.78510699112431,7.46028627647431,4.57296646404573,8.30502597242621,5.52911594787476,5.87504220796799,5.87504220796799,6.38842060017531,9.82412988354425,6.25143490702362,7.09948323127556,6.97685094641211,2.89729221294733,7.91790339171988,7.91790339171988,5.12104752599895,7.25232753472477,3.98470069308922,7.36560338771536
CC31,9.64470265735049,9.84254959102208,10.1771559128126,10.3959009346078,3.92503207257146,9.73405655135188,9.1946248517439,10.1874819699732,9.59654485750502,10.2143054787556,11.8391223624537,10.5028318944562,9.64470265735049,6.57101114271091,7.49990137575106,4.98863535889684,6.32223371442368,7.40450343739561,5.88885949853598,6.50290021083672,6.25129363430208,4.64588910962338,4.76933817620549,9.81386529473191,4.54150620967075,0,11.785128528065,6.50818672223755,6.86622292997287,10.9430838025207,6.53397570127255,6.09690907669889,5.92875026003342,11.1444940525478,9.81386529473191,7.40000841761616,11.4616927519189,9.10944619546473,8.71725309268861,8.71725309268861,9.06964684668001,12.4859592735147,7.72477256538391,9.44314213237483,9.34647171179287,4.82773434987394,10.0684297907619,10.0684297907619,5.58764051349187,5.0299452104392,6.00535465610672,10.0359039888572
CC32,8.76269405572023,6.92222791727486,6.68004253636187,6.42044406583043,8.56136439022016,8.59774108757315,6.80888488190814,10.341603478587,5.67090761716896,5.27984355285495,6.71337673122339,6.22190382664905,8.76269405572023,12.4357922967647,9.89552460072815,9.94695312616899,9.41207782510928,9.11930226828628,11.0185707067994,10.9968003406622,9.9707051725341,9.73822039934428,8.94640909278438,8.22388868880726,8.60644879799024,11.785128528065,0,6.79040372708221,6.65091822721185,6.87813264156498,6.69963385075126,7.30012142332846,7.40218152210114,5.1064079455036,8.22388868880726,7.80350623114457,5.29979246442232,6.19141165149266,6.36353220092465,6.36353220092465,6.48706414767813,3.92262245684427,7.05396647241199,6.80577434409589,6.15654446500917,10.3537551103008,5.38716100276301,5.38716100276301,12.2860047372757,14.2165794715198,10.1105328350886,7.14527827987476
CC33,7.40606788020224,6.1933566206532,6.0103555894758,5.91723092037659,2.86397525123613,6.52050125222924,5.32633761680893,9.23150320992375,4.69695345011197,7.05558709228142,6.60492089516878,5.22675203313361,7.40606788020224,8.49786479564107,5.92433784548252,5.50626060605789,4.92439195167215,6.28428795728827,7.18021358858914,7.68244713618498,6.27511354715595,4.91339014991899,3.70665546863674,7.1723128402107,3.38066844286079,6.50818672223755,6.79040372708221,0,0.492858930027399,5.98378353349784,0.58813916995458,2.75126288252308,2.776258180384,4.98113853479784,7.1723128402107,4.75595082060302,5.36904594762056,4.45124322085367,2.92454097777458,2.92454097777458,3.33323483226575,7.31559616271271,3.78277882376676,4.54284710238759,5.15911741359561,5.98496863880717,6.37442056028805,6.37442056028805,7.64998110245168,9.3307233484787,6.70167060237515,6.00338335044742
CC34,7.48416597116583,6.19372269655305,5.9149118766741,5.77813023323952,3.28172168303996,6.53847138567799,5.31719331394468,9.41053538376333,4.66989525427008,7.1208435005982,6.31336449303758,5.05993251888836,7.48416597116583,8.90417598499847,6.10092480455633,5.83607704530944,5.192619888105,6.50527201660363,7.5782967611783,8.01834016586581,6.48817052354219,5.22071141904988,3.91738281720744,7.21039328444482,3.75148405156444,6.86622292997287,6.65091822721185,0.492858930027399,0,5.89304203523234,0.941480800443434,3.16310045264068,3.19937952624896,4.73259318275924,7.21039328444482,5.10533624374661,5.11297025700076,4.58715360447151,2.75875536415001,2.75875536415001,3.12254677133276,7.14518962016946,3.82242884157345,4.42998002379593,5.24481853580237,6.29046668035375,6.44397908637619,6.44397908637619,7.86783290199087,9.61935824855442,7.07412607239032,5.8637046442036
CC35,8.26357089096493,6.77751076613442,6.63842870326466,6.46237642094935,7.62836254508952,5.3227593785038,5.80865915285778,8.60824189417202,4.68608568717502,8.48929189474756,7.07779689466015,3.67695573539795,8.26357089096493,10.7431399098725,6.16627324080025,8.81623982729992,7.53012074532271,7.83315242730351,9.81474624298242,9.76599817047358,8.84501738893759,8.66906264705787,8.03249793645681,7.96991681305676,7.54891920214131,10.9430838025207,6.87813264156498,5.98378353349784,5.89304203523234,0,5.82419251572257,6.2833894017958,6.4027579721255,4.91468148764647,7.96991681305676,6.82123742222743,5.28542061349748,5.38467230587906,5.86101939313424,5.86101939313424,6.09014892319399,8.08381410190856,6.84594916813459,5.22750061796527,6.90372740984798,9.28003386468432,8.42437014583145,8.42437014583145,10.8158771782492,13.1898377115381,8.8383712904396,7.07434475496324
CC36,7.25654518658975,6.05186406464343,5.9597161488398,5.89047511843004,2.76240291169433,6.41330972946903,5.23771165432915,8.96927579386544,4.43148611015569,6.93914998541127,6.74566958181628,5.15940636259859,7.25654518658975,8.13800596333795,5.66852662230685,5.29644760414144,4.57493495068807,6.00281004501035,6.8370283559028,7.45176237721331,6.22396286971964,4.80400461481327,3.80106128499599,6.99499969849925,3.1744429144455,6.53397570127255,6.69963385075126,0.58813916995458,0.941480800443434,5.82419251572257,0,2.23533917840363,2.28202029265996,4.94152679029124,6.99499969849925,4.2232444470778,5.37738304983374,3.96559301876144,2.92388480284038,2.92388480284038,3.40980914529939,7.33161067256288,3.88887989977742,4.57560492967042,4.91655891310427,5.80848063791504,6.1797489057552,6.1797489057552,7.60380238480993,9.35717793979912,6.29857938518272,5.98909938802947
CC37,6.97252934158595,6.01296772034874,6.37838182550634,6.4656386326157,2.54468986254882,6.45312414543565,5.48451992492392,8.28969935654854,4.65993578478525,6.8357909731209,7.96871219501722,6.02703095342968,6.97252934158595,6.47515287466684,5.25025251888528,4.52168678988758,3.73576297693021,5.34143316263688,5.32140575786609,6.431411356154,6.1116614914366,4.44335581144102,4.30547076700879,6.6881668553357,2.69825136690619,6.09690907669889,7.30012142332846,2.75126288252308,3.16310045264068,6.2833894017958,2.23533917840363,0,0.265586628928928,6.06661516135463,6.6881668553357,2.30091609933481,6.5443900946534,3.32733234503469,4.25107455152375,4.25107455152375,4.83481381676642,8.22705726685186,4.75875643291146,5.57827415035916,4.86304198401804,5.09754968168206,6.13725690601914,6.13725690601914,7.30763964761403,8.98356767294755,4.63149592954854,6.5837198655145
CC38,6.96555817953702,6.02372701739509,6.39624069113886,6.52506222056714,2.4233040268752,6.5133866940099,5.56656741066621,8.32574157271062,4.83703357154186,6.89337768992236,8.02424954363519,6.17577627982139,6.96555817953702,6.47252400501807,5.31587500990528,4.55465728114661,3.81440099379554,5.39701034801307,5.34245856231262,6.44145743714923,6.13794237157839,4.47649969899074,4.32342932672367,6.70615330728817,2.70285332670226,5.92875026003342,7.40218152210114,2.776258180384,3.19937952624896,6.4027579721255,2.28202029265996,0.265586628928928,0,6.19254338437605,6.70615330728817,2.3463670127606,6.64841505527813,3.49341475485583,4.30915808530918,4.30915808530918,4.88281404646126,8.30305670274544,4.65683742028547,5.59940409684624,4.88643280718789,5.11103932516145,6.15580787316496,6.15580787316496,7.29875273574957,8.86828599875703,4.63116774848576,6.63041936288987
CC39,8.82123487607218,6.43284797056688,5.93948574076743,5.35716171938716,7.5574054060295,7.2150536564715,6.02044649563334,11.2567924872141,4.86355566847627,7.43469084807796,4.57845067750761,4.78663144158156,8.82123487607218,11.9950910775613,8.8702586610819,9.56413402027107,8.405659808902,9.26449870890837,10.8524721659095,11.1970740356799,9.90441220494409,9.1422497036855,8.0976322299602,8.0604661345662,7.78510699112431,11.1444940525478,5.1064079455036,4.98113853479784,4.73259318275924,4.91468148764647,4.94152679029124,6.06661516135463,6.19254338437605,0,8.0604661345662,6.60655042441667,0.82950234256398,4.58567453235016,3.1993535796001,3.1993535796001,3.1390383205908,4.78396007246173,5.49856621777642,4.43092541698091,4.96432258152244,10.0069563448889,6.21781663331842,6.21781663331842,11.6021874804587,13.7164417231163,10.0456483797662,6.23416104045672
CC4,3.72634815251607,2.36716405527978,3.08999297669388,3.46832606457815,7.43351582365594,4.68803385964845,3.62355326222289,10.495063831588,6.0773149021443,5.92606171221894,6.39766740690486,6.84151390582888,3.72634815251607,9.95090319743917,8.34444001812347,8.37895230528425,7.56667602364486,8.52617212396056,9.11128744847686,9.79972100745233,9.36400567850337,8.40863768401872,8.00262257438736,0,7.46028627647431,9.81386529473191,8.22388868880726,7.1723128402107,7.21039328444482,7.96991681305676,6.99499969849925,6.6881668553357,6.70615330728817,8.0604661345662,0,6.93700423057255,8.28809223611984,6.93291367454107,7.52884432407467,7.52884432407467,7.90002070570263,10.1114368950672,8.15309177731388,8.35153736884873,8.22177147257545,8.37542698579374,9.03406171881801,9.03406171881801,9.53583115542743,11.6225014659276,7.97907582782899,2.95194028024538
CC40,7.39252922458552,6.39036660153834,7.00039174083174,7.08243016151169,4.51613558392483,6.92812023200729,6.12932464754848,8.53707886739303,5.44267554307749,7.07714852063152,8.66320916971808,7.01828929978652,7.39252922458552,6.61594153390791,6.24928261867854,5.89104426331277,4.92277667514576,6.17605204874665,5.82164012160823,7.1136436272068,7.48050821713123,6.06540113371646,6.32709283598256,6.93700423057255,4.57296646404573,7.40000841761616,7.80350623114457,4.75595082060302,5.10533624374661,6.82123742222743,4.2232444470778,2.30091609933481,2.3463670127606,6.60655042441667,6.93700423057255,0,7.06525407295685,2.83378908562407,5.11475933828901,5.11475933828901,5.68782863687983,8.53818569931157,5.73506410807355,6.20964427828754,4.52008179775855,6.37309717470446,5.8692320153991,5.8692320153991,8.6172093260922,10.0839457896097,4.8410570083228,7.31218584572501
CC41,9.02678395831723,6.53456062709196,5.97575306581682,5.45017129559624,7.96037991464239,7.46610651808675,6.29554914843944,11.7340726141699,5.46056432431985,7.61245986141794,4.29398928787232,5.23229271593451,9.02678395831723,12.5739085974001,9.45251231081583,10.146586971099,9.03175273854266,9.83967764229946,11.4453023786867,11.7285181689162,10.4030221526984,9.69259556767446,8.56845234339086,8.28809223611984,8.30502597242621,11.4616927519189,5.29979246442232,5.36904594762056,5.11297025700076,5.28542061349748,5.37738304983374,6.5443900946534,6.64841505527813,0.82950234256398,8.28809223611984,7.06525407295685,0,5.14565696125431,3.42799735546544,3.42799735546544,3.2482859188084,4.6167571522456,5.43689429586115,4.45542614097298,5.11371900594048,10.5676719778748,6.3377335904781,6.3377335904781,12.1151937589311,14.0639915451542,10.6203964557719,6.39439644548247
CC42,7.18649810707443,6.00344923129252,6.23097969702867,6.20569438656891,5.59481447461248,6.58444547073498,5.44433636555642,8.73040338252251,3.76369470579535,6.46191221894357,7.24910726798667,5.12848158299293,7.18649810707443,8.5437726712274,6.58024616923332,7.01967708783734,5.7105032248145,6.58768281574637,7.47827886195815,8.28049425018304,8.00100354191737,7.001626514228,6.84704700179033,6.93291367454107,5.52911594787476,9.10944619546473,6.19141165149266,4.45124322085367,4.58715360447151,5.38467230587906,3.96559301876144,3.32733234503469,3.49341475485583,4.58567453235016,6.93291367454107,2.83378908562407,5.14565696125431,0,3.92474274440698,3.92474274440698,4.45733840674002,6.86900269874342,5.51136974583601,5.169342481167,3.74659502960516,7.56164536594443,5.15093711457849,5.15093711457849,9.68804940188381,11.5450041285766,6.54280692502102,6.58518735429745
CC43,8.15297224681386,6.23924284423201,5.85595270058877,5.52994951666621,5.31756059636909,6.7726039125203,5.52729820112111,10.3140390209812,5.32293945782341,7.13345898140036,5.17395099920078,5.52381713225793,8.15297224681386,10.4856518396384,7.62168240434057,7.95035671387532,6.9892925692669,7.99073889142165,9.30465564706592,9.67080172505664,8.35731638928833,7.41705163876945,6.33219457571109,7.52884432407467,5.87504220796799,8.71725309268861,6.36353220092465,2.92454097777458,2.75875536415001,5.86101939313424,2.92388480284038,4.25107455152375,4.30915808530918,3.1993535796001,7.52884432407467,5.11475933828901,3.42799735546544,3.92474274440698,0,1.8742721836922e-15,0.631522573606096,5.71020571174485,3.36420141774136,3.04512881974103,3.67733270625467,8.34446396416372,5.24781105077611,5.24781105077611,9.91886061117697,11.4011971035802,8.52209731702183,5.87600840809981
CC44,8.15297224681386,6.23924284423201,5.85595270058877,5.52994951666621,5.31756059636909,6.7726039125203,5.52729820112111,10.3140390209812,5.32293945782341,7.13345898140036,5.17395099920078,5.52381713225793,8.15297224681386,10.4856518396384,7.62168240434057,7.95035671387532,6.9892925692669,7.99073889142165,9.30465564706592,9.67080172505664,8.35731638928833,7.41705163876945,6.33219457571109,7.52884432407467,5.87504220796799,8.71725309268861,6.36353220092465,2.92454097777458,2.75875536415001,5.86101939313424,2.92388480284038,4.25107455152375,4.30915808530918,3.1993535796001,7.52884432407467,5.11475933828901,3.42799735546544,3.92474274440698,1.8742721836922e-15,0,0.631522573606096,5.71020571174485,3.36420141774136,3.04512881974103,3.67733270625467,8.34446396416372,5.24781105077611,5.24781105077611,9.91886061117697,11.4011971035802,8.52209731702183,5.87600840809981
CC45,8.52746729472766,6.54361440515018,6.07353750782409,5.71862161840892,5.77485884137865,7.08764938980182,5.86473790455045,10.7344735844096,5.75673293076228,7.41901201345586,5.00671488450945,5.79119526220592,8.52746729472766,11.0589622596277,8.10742248354485,8.47550734146293,7.55098789950736,8.49110964612562,9.88273986185525,10.1712043059614,8.76422790050975,7.89883527409978,6.72746695298974,7.90002070570263,6.38842060017531,9.06964684668001,6.48706414767813,3.33323483226575,3.12254677133276,6.09014892319399,3.40980914529939,4.83481381676642,4.88281404646126,3.1390383205908,7.90002070570263,5.68782863687983,3.2482859188084,4.45733840674002,0.631522573606096,0.631522573606096,0,5.53348693641059,3.3881088500159,2.9857284537907,3.88309910231903,8.84877077558214,5.39399699949753,5.39399699949753,10.3416934472258,11.7441760133028,9.10336367688761,6.09750718870771
CC46,10.7620566622797,8.56373629806401,8.14006529176544,7.70203861921862,9.43148239068216,9.8253005922747,8.13665155671632,11.8933309416024,7.75381970019307,6.75292574959282,6.62167801609462,7.87503366487712,10.7620566622797,14.0715705682142,11.4273324550189,11.5418701994291,11.0674032513935,10.8072946026231,12.6878938353138,12.4890476727367,11.2501366167726,11.0874817491801,10.0849014660447,10.1114368950672,9.82412988354425,12.4859592735147,3.92262245684427,7.31559616271271,7.14518962016946,8.08381410190856,7.33161067256288,8.22705726685186,8.30305670274544,4.78396007246173,10.1114368950672,8.53818569931157,4.6167571522456,6.86900269874342,5.71020571174485,5.71020571174485,5.53348693641059,0,6.35134717449179,5.8224260972719,5.23131257536123,11.927280147124,4.29942963440361,4.29942963440361,13.7464815772427,15.040427841609,11.8380159493535,8.48909717626163
CC47,8.25305300940529,6.67362572833887,6.43090055597059,6.72067120869574,5.11985299413778,7.41145534822052,6.48713859475896,9.82845612416022,6.90050755796591,7.28926738374981,6.55045174229148,6.96994142804305,8.25305300940529,10.7691341192521,8.08247582399241,8.3784308450041,7.96628488227999,8.12808885202029,9.58367782767233,9.42026479003528,8.26211916994996,7.87806219645736,6.76641251352644,8.15309177731388,6.25143490702362,7.72477256538391,7.05396647241199,3.78277882376676,3.82242884157345,6.84594916813459,3.88887989977742,4.75875643291146,4.65683742028547,5.49856621777642,8.15309177731388,5.73506410807355,5.43689429586115,5.51136974583601,3.36420141774136,3.36420141774136,3.3881088500159,6.35134717449179,0,3.17213965199915,3.83458256557698,8.71084631041309,5.13527200443319,5.13527200443319,10.3354222002974,10.6326543438307,8.63163029286843,7.03782089285645
CC48,8.94215719560113,7.03584302177284,6.66651878950767,6.43218051485247,6.45757122535227,6.3754269097044,5.93790040015487,9.14291238999325,6.62144614791841,7.57689359986507,5.86051228970151,6.06633611618859,8.94215719560113,11.5086122599502,7.53898150178956,9.06985365080725,8.3471700239952,8.16625579862306,10.3204649409394,9.85014073635704,8.50433109659152,8.55760144971566,7.50710958923174,8.35153736884873,7.09948323127556,9.44314213237483,6.80577434409589,4.54284710238759,4.42998002379593,5.22750061796527,4.57560492967042,5.57827415035916,5.59940409684624,4.43092541698091,8.35153736884873,6.20964427828754,4.45542614097298,5.169342481167,3.04512881974103,3.04512881974103,2.9857284537907,5.8224260972719,3.17213965199915,0,3.92442119959849,9.4155412991997,5.47645104654717,5.47645104654717,10.9823407954771,11.9398596307334,9.24545984428187,6.81305448760974
CC49,8.70250370534281,7.00765757567156,7.04387211482402,6.98654197987311,6.42652722080636,7.80687712506699,6.64136779569196,9.62866341851355,6.44986091356175,6.5461024820551,7.08540149510085,7.15995985871425,8.70250370534281,10.6589568198824,8.5478441183258,8.80982655229348,8.21332785469196,8.15863185151989,9.45546151238098,9.59372264182023,9.02155654392985,8.54018419029774,7.98813194046603,8.22177147257545,6.97685094641211,9.34647171179287,6.15654446500917,5.15911741359561,5.24481853580237,6.90372740984798,4.91655891310427,4.86304198401804,4.88643280718789,4.96432258152244,8.22177147257545,4.52008179775855,5.11371900594048,3.74659502960516,3.67733270625467,3.67733270625467,3.88309910231903,5.23131257536123,3.83458256557698,3.92442119959849,0,9.19004054228996,2.98019061134428,2.98019061134428,11.26519460895,12.1199695686606,8.31204957610854,7.44594086525797
